0,0.09285714285714285,0.0
100000,6.378571428571427,0.0
200000,6.463095238095236,0.0
300000,6.043898809523808,0.0
400000,6.766220238095238,0.0
500000,6.688690476190474,0.0
600000,7.870386904761903,0.0
700000,8.529017857142856,0.0
800000,8.6375,0.0
900000,8.777976190476192,0.0
1000000,10.002380952380951,0.0
1100000,10.009077380952382,0.0
1200000,11.181398809523813,0.1
1300000,14.91369047619048,0.3
1400000,16.55476190476191,0.55
1500000,18.444642857142863,0.8
1600000,19.715327380952388,0.95
1700000,20.004613095238096,1.0
1800000,20.000148809523814,1.0
1900000,19.747470238095243,0.95
2000000,20.02366071428572,1.0
2100000,20.01190476190477,1.0
2200000,20.003422619047626,1.0
2300000,20.003571428571433,1.0
2400000,20.010714285714293,1.0
2500000,20.010416666666675,1.0
2600000,20.01785714285715,1.0
2700000,20.01532738095239,1.0
2800000,20.011011904761908,1.0
2900000,20.007142857142863,1.0
3000000,20.01979166666667,1.0
3100000,20.000000000000007,1.0
3200000,19.42976190476191,0.95
3300000,20.003273809523815,1.0
3400000,19.357142857142865,0.95
3500000,19.53348214285715,0.95
3600000,20.008184523809526,1.0
3700000,20.000000000000007,1.0
3800000,20.001636904761913,1.0
3900000,20.000000000000007,1.0
4000000,20.00238095238096,1.0
4100000,20.00357142857144,1.0
4200000,20.005952380952387,1.0
4300000,20.000000000000007,1.0
4400000,20.006994047619056,1.0
4500000,20.00238095238096,1.0
4600000,20.000000000000007,1.0
4700000,20.00223214285715,1.0
4800000,20.000000000000007,1.0
4900000,20.00238095238096,1.0
5000000,20.002232142857146,1.0
5100000,20.000000000000007,1.0
5200000,19.596726190476197,0.95
5300000,20.00476190476191,1.0
5400000,20.00238095238096,1.0
5500000,20.00595238095239,1.0
5600000,20.000000000000007,1.0
5700000,20.000000000000007,1.0
5800000,20.000000000000007,1.0
5900000,20.00476190476191,1.0
6000000,20.00476190476191,1.0
6100000,20.002083333333342,1.0
6200000,19.55193452380953,0.95
6300000,20.00238095238096,1.0
6400000,20.000000000000007,1.0
6500000,20.000000000000007,1.0
6600000,20.000000000000007,1.0
6700000,19.081696428571437,0.9
6800000,20.00119047619048,1.0
6900000,20.00238095238096,1.0
7000000,20.015476190476196,1.0
7100000,20.003571428571437,1.0
7200000,20.00937500000001,1.0
7300000,20.009077380952387,1.0
7400000,20.000000000000007,1.0
7500000,20.008333333333336,1.0
7600000,20.002232142857153,1.0
7700000,20.010565476190482,1.0
7800000,19.311755952380956,0.95
7900000,20.015625000000007,1.0
8000000,20.003571428571433,1.0
8100000,20.005952380952387,1.0
8200000,20.00476190476191,1.0
8300000,20.00119047619048,1.0
8400000,20.00476190476191,1.0
8500000,19.42529761904763,0.95
8600000,19.511904761904766,0.95
8700000,20.006994047619052,1.0
8800000,19.48824404761905,0.95
8900000,20.005654761904772,1.0
9000000,20.005952380952387,1.0
9100000,20.00119047619048,1.0
9200000,19.349851190476194,0.95
9300000,20.003571428571437,1.0
9400000,20.00580357142858,1.0
9500000,20.000000000000007,1.0
9600000,20.01889880952382,1.0
9700000,20.003422619047626,1.0
9800000,19.690178571428575,0.95
9900000,20.00476190476191,1.0
10000000,20.004464285714292,1.0
10100000,20.002232142857153,1.0
10200000,20.008184523809533,1.0
10300000,20.01190476190477,1.0
10400000,20.00595238095239,1.0
10500000,20.013541666666676,1.0
10600000,20.011904761904763,1.0
10700000,20.002380952380964,1.0
10800000,20.00119047619048,1.0
10900000,20.002976190476197,1.0
11000000,20.002232142857146,1.0
11100000,20.000000000000007,1.0
11200000,20.000000000000007,1.0
11300000,17.742857142857147,0.8
11400000,20.000446428571436,1.0
11500000,19.211755952380955,0.9
11600000,20.008779761904766,1.0
11700000,20.01101190476191,1.0
11800000,20.003571428571437,1.0
11900000,20.004464285714292,1.0
12000000,19.65803571428572,0.95
12100000,20.005952380952387,1.0
12200000,20.00238095238096,1.0
12300000,20.026041666666675,1.0
12400000,20.013988095238105,1.0
12500000,20.02395833333334,1.0
12600000,20.016666666666673,1.0
12700000,20.003720238095244,1.0
12800000,20.00238095238096,1.0
12900000,20.01175595238096,1.0
13000000,20.002529761904768,1.0
13100000,20.000000000000007,1.0
13200000,20.003571428571437,1.0
13300000,20.002380952380957,1.0
13400000,19.378571428571433,0.95
13500000,20.018750000000008,1.0
13600000,20.016666666666673,1.0
13700000,20.01190476190477,1.0
13800000,20.012797619047625,1.0
13900000,20.01160714285715,1.0
14000000,20.015625000000007,1.0
14100000,20.032886904761913,1.0
14200000,20.026636904761915,1.0
14300000,20.02708333333334,1.0
14400000,20.04761904761905,1.0
14500000,20.034226190476197,1.0
14600000,20.050000000000008,1.0
14700000,20.009375000000013,1.0
14800000,20.02127976190477,1.0
14900000,20.013988095238105,1.0
15000000,20.007142857142863,1.0
15100000,20.033035714285724,1.0
15200000,20.005952380952387,1.0
15300000,20.01741071428573,1.0
15400000,20.028720238095243,1.0
15500000,20.012797619047628,1.0
15600000,20.01413690476191,1.0
15700000,20.015029761904767,1.0
15800000,20.013095238095243,1.0
15900000,20.000000000000007,1.0
16000000,20.001339285714298,1.0
16100000,20.000000000000007,1.0
16200000,20.003273809523815,1.0
16300000,20.008482142857147,1.0
16400000,20.002380952380957,1.0
16500000,20.00119047619048,1.0
16600000,20.00833333333334,1.0
16700000,20.00238095238096,1.0
16800000,19.61875000000001,0.95
16900000,20.009523809523817,1.0
17000000,20.005654761904772,1.0
17100000,20.000000000000007,1.0
17200000,20.010416666666675,1.0
17300000,20.020089285714292,1.0
17400000,20.013541666666672,1.0
17500000,20.01279761904762,1.0
17600000,20.01175595238096,1.0
17700000,20.01101190476191,1.0
17800000,20.018452380952386,1.0
17900000,20.012648809523817,1.0
18000000,20.009077380952384,1.0
18100000,20.00952380952382,1.0
18200000,20.028720238095243,1.0
18300000,20.01309523809524,1.0
18400000,20.00476190476191,1.0
18500000,20.031398809523814,1.0
18600000,20.019345238095244,1.0
18700000,20.024255952380955,1.0
18800000,20.00937500000001,1.0
18900000,20.01741071428572,1.0
19000000,20.024702380952387,1.0
19100000,19.48318452380953,0.95
19200000,20.008184523809526,1.0
19300000,20.022172619047623,1.0
19400000,20.01116071428572,1.0
19500000,19.517261904761916,0.95
19600000,20.032886904761913,1.0
19700000,20.015476190476196,1.0
19800000,20.018005952380957,1.0
19900000,20.01666666666667,1.0
20000000,20.015327380952385,1.0
20100000,20.009672619047628,1.0
20200000,20.007142857142863,1.0
20300000,20.01175595238096,1.0
20400000,20.0233630952381,1.0
20500000,20.004910714285717,1.0
20600000,20.02514880952382,1.0
20700000,20.00952380952381,1.0
20800000,20.01279761904762,1.0
20900000,20.00223214285715,1.0
21000000,20.00104166666667,1.0
21100000,20.000148809523814,1.0
21200000,20.012797619047625,1.0
21300000,20.009970238095246,1.0
21400000,20.013095238095243,1.0
21500000,20.030952380952385,1.0
21600000,19.3702380952381,0.95
21700000,20.02380952380953,1.0
21800000,20.015625000000004,1.0
21900000,20.00238095238096,1.0
22000000,20.01428571428572,1.0
22100000,20.02127976190477,1.0
22200000,20.012946428571432,1.0
22300000,20.023809523809526,1.0
22400000,20.007142857142863,1.0
22500000,18.709375000000005,0.9
22600000,19.386904761904766,0.95
22700000,19.334375000000012,0.95
22800000,20.03883928571429,1.0
22900000,20.01428571428572,1.0
23000000,20.011309523809533,1.0
23100000,20.00223214285715,1.0
23200000,20.012053571428574,1.0
23300000,20.003571428571433,1.0
23400000,20.030803571428578,1.0
23500000,19.52976190476191,0.95
23600000,20.021279761904772,1.0
23700000,20.01071428571429,1.0
23800000,20.01175595238096,1.0
23900000,20.00744047619048,1.0
24000000,20.03809523809524,1.0
24100000,20.017708333333335,1.0
24200000,20.029315476190483,1.0
24300000,20.00952380952382,1.0
24400000,20.007142857142863,1.0
24500000,20.011904761904766,1.0
24600000,20.0309265010352,1.0
24700000,20.06979166666667,1.0
24800000,20.069196428571434,1.0
24900000,20.116666666666667,1.0
25000000,20.11279761904762,1.0
25100000,20.141815476190484,1.0
25200000,19.70193452380953,0.95
25300000,20.148958333333344,1.0
25400000,20.138690476190487,1.0
25500000,20.09732142857143,1.0
25600000,20.0296130952381,1.0
25700000,20.02589285714286,1.0
25800000,20.05431547619049,1.0
25900000,20.025000000000002,1.0
26000000,20.028273809523817,1.0
26100000,20.09940476190476,1.0
26200000,20.12351190476191,1.0
26300000,20.15595238095238,1.0
26400000,20.13333333333334,1.0
26500000,20.10565476190477,1.0
26600000,20.087351190476202,1.0
26700000,19.608928571428578,0.95
26800000,20.10848214285715,1.0
26900000,20.08095238095239,1.0
27000000,20.096279761904768,1.0
27100000,20.114732142857157,1.0
27200000,20.081696428571437,1.0
27300000,20.08571428571429,1.0
27400000,20.079017857142865,1.0
27500000,20.059523809523807,1.0
27600000,20.102083333333336,1.0
27700000,20.078273809523818,1.0
27800000,20.11979166666667,1.0
27900000,20.064880952380964,1.0
28000000,20.061904761904767,1.0
28100000,20.072470238095246,1.0
28200000,20.093303571428578,1.0
28300000,20.049553571428575,1.0
28400000,20.052976190476205,1.0
28500000,20.055208333333336,1.0
28600000,20.06383928571429,1.0
28700000,19.521130952380954,0.95
28800000,20.129166666666674,1.0
28900000,20.075000000000006,1.0
29000000,20.109523809523814,1.0
29100000,20.066517857142863,1.0
29200000,20.04866071428573,1.0
29300000,20.0889880952381,1.0
29400000,20.090327380952385,1.0
29500000,20.041220238095246,1.0
29600000,19.78095238095239,0.95
29700000,20.08928571428573,1.0
29800000,19.643452380952386,0.95
29900000,20.085416666666674,1.0
30000000,20.056547619047624,1.0
30100000,20.07886904761905,1.0
30200000,20.07752976190477,1.0
30300000,20.092261904761912,1.0
30400000,20.04806547619048,1.0
30500000,20.047767857142862,1.0
30600000,19.2608630952381,0.9
30700000,20.050892857142863,1.0
30800000,19.445833333333344,0.95
30900000,20.09627976190477,1.0
31000000,20.115922619047627,1.0
31100000,20.041220238095246,1.0
31200000,19.49300595238096,0.95
31300000,20.0779761904762,1.0
31400000,19.437946428571433,0.95
31500000,20.097172619047633,1.0
31600000,20.108184523809534,1.0
31700000,20.093005952380956,1.0
31800000,20.114434523809525,1.0
31900000,20.11056547619049,1.0
32000000,20.042857142857144,1.0
32100000,20.037648809523816,1.0
32200000,20.093898809523818,1.0
32300000,20.088988095238104,1.0
32400000,20.04255952380953,1.0
32500000,20.004761904761917,1.0
32600000,20.01354166666668,1.0
32700000,20.009523809523817,1.0
32800000,20.031845238095247,1.0
32900000,18.85476190476191,0.9
33000000,20.022619047619052,1.0
33100000,20.037946428571438,1.0
33200000,20.02708333333334,1.0
33300000,20.02291666666667,1.0
33400000,20.02500000000001,1.0
33500000,20.052380952380965,1.0
33600000,20.038095238095245,1.0
33700000,20.0702380952381,1.0
33800000,20.073214285714293,1.0
33900000,20.058779761904773,1.0
34000000,20.088690476190482,1.0
34100000,20.06681547619048,1.0
34200000,20.070833333333344,1.0
34300000,20.074702380952385,1.0
34400000,20.03392857142858,1.0
34500000,20.037946428571434,1.0
34600000,20.06175595238096,1.0
34700000,20.066071428571433,1.0
34800000,20.0202380952381,1.0
34900000,20.041815476190482,1.0
35000000,20.075148809523817,1.0
35100000,20.06636904761905,1.0
35200000,20.07425595238096,1.0
35300000,20.106398809523814,1.0
35400000,20.063541666666676,1.0
35500000,20.057738095238097,1.0
35600000,20.08244047619048,1.0
35700000,20.02500000000001,1.0
35800000,20.040327380952384,1.0
35900000,20.08660714285715,1.0
36000000,20.061755952380963,1.0
36100000,19.619196428571435,0.95
36200000,20.048809523809535,1.0
36300000,20.01279761904762,1.0
36400000,20.0233630952381,1.0
36500000,20.053273809523816,1.0
36600000,20.04255952380953,1.0
36700000,20.02127976190477,1.0
36800000,20.0046130952381,1.0
36900000,20.03630952380953,1.0
37000000,20.057440476190482,1.0
37100000,20.044642857142865,1.0
37200000,20.063392857142862,1.0
37300000,20.075297619047628,1.0
37400000,20.03571428571429,1.0
37500000,20.048065476190477,1.0
37600000,20.031845238095244,1.0
37700000,20.062202380952385,1.0
37800000,20.026934523809537,1.0
37900000,20.018898809523815,1.0
38000000,20.03035714285715,1.0
38100000,20.017410714285724,1.0
38200000,20.02931547619048,1.0
38300000,19.62723214285715,0.95
38400000,20.03556547619048,1.0
38500000,20.042559523809533,1.0
38600000,20.021428571428583,1.0
38700000,20.055059523809526,1.0
38800000,20.028125000000006,1.0
38900000,20.098660714285725,1.0
39000000,20.050000000000004,1.0
39100000,20.125892857142862,1.0
39200000,20.101190476190492,1.0
39300000,20.084077380952394,1.0
39400000,20.10476190476191,1.0
39500000,20.086755952380965,1.0
39600000,20.098214285714295,1.0
39700000,20.09880952380953,1.0
39800000,20.096577380952386,1.0
39900000,20.0796130952381,1.0
40000000,20.050000000000004,1.0
